Gid	Protein content	Amylose content	Flag leaf length	Flag leaf width	Panicle number per plant	Plant height	Panicle length	Primary panicle branch number	Seed number per panicle	Florets per panicle	Panicle fertility	Seed length	Seed width	Seed volume	Seed surface area	Straighthead suseptability 
NSFTV_1	8.45	15.61333333	28.375	1.283333333	3.068052935	110.9166667	20.48181818	9.272727273	4.785975442	4.914658225	0.879	8.064116667	3.685183333	2.587447569	3.914120138	4.833333334
NSFTV_3	9.2	23.26	39.00833333	1	4.051784948	143.5	26.83333333	9.166666667	4.439705746	4.727387819	0.75	7.705383333	2.951458333	2.111145089	3.658708865	7.831666667
NSFTV_4	8	23.12	27.68333333	1.516666667	3.124565145	128.0833333	23.53333333	8.666666667	5.07970897	5.146436835	0.935	8.237575	2.926366667	2.154758678	3.713855969	NA
NSFTV_5	9.6	19.32333333	30.41666667	0.891666667	3.697178257	153.75	28.96363636	6.363636364	4.523960131	4.730921391	0.813	9.709375	2.3821	1.94022138	3.700053664	8.333333334
NSFTV_6	8.5	23.24	36.90833333	1.75	2.857427602	148.3333333	30.91666667	11.16666667	5.538645743	5.676468373	0.871	7.118183333	3.281891667	2.202359519	3.657370297	8.166666667
NSFTV_7	11.75	20.18666667	36.99	1.55	2.859021228	119.6	24.625	13.33333333	5.338018733	5.43590303	0.907	7.347254545	2.528890909	1.774465329	3.474791087	8.585
NSFTV_8	8.7	22.195	41.95	1.858333333	2.621038824	147.4166667	31.5	12.22222222	5.54691205	5.794705943	0.781	8.572091667	2.654675	2.044537332	3.691182217	6.998333334
NSFTV_9	9.9	22.56333333	24.425	1.2125	2.924504764	128.875	20.2	7.875	4.620058798	4.739482524	0.887	7.679875	3.3821875	2.352660146	3.768963219	7.168333334
NSFTV_10	9.5	15.09666667	27.9	1	3.650658241	83	22.16666667	10.33333333	4.110873864	4.733270189	0.537	7.859	3.23325	2.265360786	3.729249146	3.33
NSFTV_11	NA	22.76333333	NA	NA	NA	NA	NA	NA	NA	NA	NA	NA	NA	NA	NA	9
NSFTV_13	8.05	25.255	37.875	1.225	3.493134877	135.1666667	25.49	8.6	4.907494535	5.017279837	0.896	8.36956	2.73408	2.007076473	3.639387431	NA
NSFTV_14	NA	17.27	30.23333333	0.911111111	3.753417975	117.8888889	28.85	10.83333333	4.578569504	5.01146828	0.649	9.3015125	2.3113625	1.845853006	3.626343926	6.335
NSFTV_15	7.5	17.705	NA	NA	NA	NA	NA	NA	NA	NA	NA	NA	NA	NA	NA	6.33
NSFTV_16	9.65	20.88666667	29.98888889	0.966666667	3.431295413	161.8333333	30.575	8.875	4.738145869	4.890349128	0.859	9.964958333	2.43615	2.003931947	3.742286721	8.001666667
NSFTV_17	9.2	13.93	19	1.2	3.526360525	88	20.26666667	9.666666667	5.036952602	5.105945474	0.933	6.897466667	2.970766667	2.022906463	3.563556187	8.33
NSFTV_18	7.95	26.32333333	32.76666667	0.991666667	3.858973784	132	24.75555556	8	4.774529304	4.821746767	0.954	7.658116667	2.88365	2.045003208	3.621436051	NA
NSFTV_20	8.55	17.81666667	33.43333333	1.491666667	2.713590381	130.5	24.35454545	12.81818182	5.443597652	5.551196227	0.898	8.209158333	3.293458333	2.362247684	3.811149261	6.835
NSFTV_22	8.7	23.25	43.53333333	1.6	2.512305624	120.6666667	29.6	13.66666667	5.497168225	5.631211782	0.875	8.6127	3.452566667	2.509181831	3.905614515	6.33
NSFTV_23	8.85	22.665	36.38888889	1.166666667	2.899588413	112.4444444	21.4	9.166666667	4.652901589	4.958171725	0.737	8.624533333	3.2538	2.383422101	3.842383675	8.168333334
NSFTV_24	8.4	21.41	35.90833333	1.533333333	2.899588413	132.8333333	23	8.833333333	4.856989537	5.063170242	0.814	9.6739	3.268941667	2.544889889	3.991602529	7.583333334
NSFTV_25	8	20.43666667	35.75	1.3	3.139438994	132.125	21.46666667	9	5.04065631	5.156589207	0.891	8.751936364	3.102945455	2.333187481	3.832489713	8.33
NSFTV_26	8.1	17.39	38.61666667	1.65	2.651960734	136.9166667	25.80833333	10.91666667	5.078293943	5.233778845	0.856	9.636363636	3.230136364	2.512445172	3.971712174	8.166666667
NSFTV_27	8.85	11.10333333	34.06666667	1.566666667	2.614959778	96.33333333	23.725	11.58333333	4.899703733	5.093750201	0.824	10.1823	3.644508333	2.82685395	4.160500395	6.168333334
NSFTV_29	7.5	23.06333333	30.05	1.075	NA	121.8888889	24.8	8.333333333	4.672828834	4.700480366	0.973	7.8074	2.9248	2.056445822	3.627115746	9
NSFTV_31	6.8	19.73	29.85	0.833333333	3.044522438	118.3333333	22.41666667	10.33333333	5.0604831	5.130884422	0.932	7.130816667	3.33185	2.244175308	3.679483365	6.831666667
NSFTV_32	7.9	18.415	30.23333333	1.133333333	2.820055259	128.1111111	25	13	5.372703078	5.528546864	0.856	6.819333333	3.423422222	2.223927814	3.635488933	6.835
NSFTV_33	8.05	23.44	30.8	1.333333333	3.320228319	126.25	20.49166667	7.916666667	4.888676887	4.932072972	0.958	7.325583333	2.77925	1.919546617	3.533790696	7.5
NSFTV_34	10.4	21.04	39.36666667	0.95	3.135494216	117.5555556	23.11666667	10.83333333	4.16752618	4.982845297	0.442	7.4407	2.684366667	1.876141467	3.520911391	9
NSFTV_35	11.2	24.02666667	NA	NA	NA	105.5	NA	NA	NA	NA	NA	NA	NA	NA	NA	9
NSFTV_39	8.45	22.8	39.85	0.858333333	4.016383021	150.4166667	28.01111111	8.222222222	4.472273513	4.692366731	0.802	9.159608333	3.341125	2.50761491	3.937733636	9
NSFTV_40	8.7	0.21	33.09166667	1.6	2.970414466	114.75	27.73636364	8.818181818	4.944236458	5.192956851	0.78	8.222341667	3.756733333	2.641422388	3.951486317	6.168333334
NSFTV_41	9.4	21.85	NA	NA	NA	NA	NA	NA	NA	NA	NA	NA	NA	NA	NA	7.33
NSFTV_43	8.35	24.985	24.34166667	1.283333333	3.739651779	98.66666667	25.9	10.09090909	5.0286538	5.182294145	0.858	7.577	3.179191667	2.254467453	3.72872277	8.166666667
NSFTV_44	7.55	24.23666667	37.61666667	1.716666667	3.54577861	136	28.64545455	10.36363636	5.329639838	5.377800477	0.953	8.412563636	2.638754545	1.988313853	3.643562762	6.668333334
NSFTV_45	9.05	19.205	25.81666667	0.891666667	3.358637767	141.1666667	28.85	7.9	4.548599834	4.676560182	0.88	9.447275	2.908825	2.295296932	3.856689983	7.666666667
NSFTV_46	8.5	22.195	39.78888889	1.366666667	3.125785402	127.25	21.91111111	9.444444444	4.703506087	4.903627332	0.819	9.8472	2.981063636	2.412906827	3.941010771	8.166666667
NSFTV_49	8.4	26.095	24.75833333	0.883333333	3.715602524	127.1666667	22.8	7.666666667	4.68981766	4.767855768	0.925	7.147358333	2.836383333	1.933480843	3.525823371	NA
NSFTV_50	8.65	24.38333333	26.69166667	1.066666667	3.392829132	130.5833333	20.82222222	7.666666667	4.637373326	4.673678091	0.964	7.652991667	3.625625	2.480197663	3.831593918	NA
NSFTV_51	8.6	18.78	27.95	1.08	3.234749174	123.1428571	23.975	10.88888889	4.932673753	5.137267945	0.815	7.36546	3.49469	2.383464374	3.766726445	5.833333334
NSFTV_53	8.75	20.975	31.92222222	0.866666667	3.314186005	152.5	30.8	8.875	4.766911035	4.919980926	0.858	9.8331	2.410925	1.971143846	3.71904689	8.331666667
NSFTV_55	11.9	17.21	27.21111111	0.877777778	3.414990704	101.3333333	25.55555556	5.555555556	4.021375542	4.259545078	0.788	8.93616	3.29885	2.505024587	3.933527713	6.085
NSFTV_56	8.1	13.22333333	21	1.15	3.388618599	77	NA	NA	4.760952188	4.816819358	0.946	7.1648625	3.32005	2.242322749	3.678680749	3.498333334
NSFTV_57	7.95	23.42333333	23.325	1.158333333	4.037186148	137.1666667	24.35454545	8.5	4.748089195	4.888296442	0.869	7.331733333	3.080108333	2.123587007	3.636286631	8.333333334
NSFTV_58	8.05	26.32	40.05833333	1.408333333	3.58120144	129.1666667	24.15555556	10.11111111	5.133180635	5.232296265	0.906	7.914516667	3.30515	2.341784973	3.781572576	8.168333334
NSFTV_59	9.1	18.245	22.83333333	1.7	2.463853241	136.5555556	21.77777778	11.22222222	5.010635294	5.166688924	0.856	7.270466667	3.395341667	2.257299157	3.680275883	6.835
NSFTV_60	8.9	18.275	34.475	1.45	2.983153491	128.9166667	27.12727273	10.33333333	5.110343502	5.43649703	0.722	7.839541667	3.308983333	2.332449674	3.768703676	5.5
NSFTV_61	7.55	25.355	33.06666667	0.95	4.016383021	142.4166667	26.16363636	8.166666667	4.593281614	4.78673388	0.824	7.9208	3.033925	2.199149575	3.717259973	7.498333334
NSFTV_63	8.25	1.12	NA	NA	NA	NA	NA	NA	NA	NA	NA	NA	NA	NA	NA	7
NSFTV_65	8	23.46333333	41.18333333	1.625	2.995732274	129.5833333	25.09166667	10	4.886582645	5.059425458	0.841	9.707925	3.234433333	2.540705923	3.994364914	7.333333334
NSFTV_66	NA	23.80666667	NA	NA	NA	NA	NA	NA	NA	NA	NA	NA	NA	NA	NA	8.67
NSFTV_67	8.5	24.395	33.78333333	0.895833333	3.355735008	123.9166667	22.96363636	11.81818182	5.356193116	5.502278098	0.864	7.438633333	3.46265	2.368166039	3.763471758	7.501666667
NSFTV_68	8.05	21.19	25.61111111	1.111111111	3.676300672	87.44444444	23.21666667	10.83333333	4.870947423	5.151362954	0.755	7.540263636	2.930827273	2.098705923	3.646729637	8
NSFTV_69	9.5	20.09	32.35	1.258333333	2.913256052	113.5833333	24.4	12.09090909	5.129898715	5.305563775	0.839	9.304475	2.845291667	2.253351956	3.825891605	7.501666667
NSFTV_70	8.1	18.38	27.41666667	1.566666667	3.016351561	128	23.22727273	9.545454545	4.759061092	4.972964894	0.807	8.639475	3.177483333	2.370272557	3.843931335	8.331666667
NSFTV_71	NA	23.97	36.88888889	1.011111111	3.80666249	99.16666667	28.05	10.66666667	4.906755164	5.272486607	0.694	7.996477778	2.844955556	2.091304234	3.653264654	7.165
NSFTV_72	8.5	23.13	28.66666667	1.411111111	3.557726184	90.66666667	25.15	11.33333333	5.261538115	5.375278408	0.892	8.41835	2.878175	2.207271163	3.761910135	8.5
NSFTV_73	8.7	14.22	35.35833333	1.441666667	2.983153491	102.9166667	23.40833333	11.66666667	4.793722293	5.010635294	0.805	9.897391667	3.152666667	2.525755311	3.999554372	7.498333334
NSFTV_74	8.1	24.77	35.35	1.291666667	3.58120144	104.0833333	30.39166667	10.58333333	5.230662885	5.340338642	0.896	9.523025	2.401016667	1.956320063	3.695144372	8.331666667
NSFTV_75	11.15	19.515	35.06666667	1.425	2.414289083	132.4166667	32.83333333	10.25	5.05677645	5.720584963	0.515	7.991241667	3.120033333	2.232016874	3.730130557	7.665
NSFTV_76	7.7	25.43	27.09166667	1.416666667	3.514029912	94.08333333	25.91818182	12.81818182	5.19648597	5.354869536	0.854	8.556491667	3.0905	2.352441355	3.839361269	7.833333334
NSFTV_77	9.15	24.36666667	34.18	1.25	3.335176281	144.8	24.44	12.5	5.210396485	5.398162702	0.829	7.366336364	3.238527273	2.203799882	3.676559097	9
NSFTV_78	7.7	26.345	32.53333333	1.341666667	3.48635519	133.75	25.12222222	9.666666667	5.056824677	5.127205473	0.932	9.180466667	2.737625	2.119554285	3.747997255	NA
NSFTV_79	7.3	10.58666667	27.9	1.108333333	3.075774981	91.16666667	24.71818182	12.09090909	5.039899849	5.150133697	0.896	8.558916667	3.266091667	2.41028487	3.854455331	4.666666667
NSFTV_80	NA	25.62	48.2	0.991666667	3.983413002	106	27.56666667	10	4.410776048	5.400422589	0.372	9.08107	2.72842	2.153739317	3.774177865	8.168333334
NSFTV_81	8.4	25.43	34.43333333	1.311111111	3.49144426	139.3333333	26.17777778	7.625	4.926045226	5.013409221	0.916	9.49555	2.652916667	2.137160967	3.78344864	7.331666667
NSFTV_83	8.1	11.60333333	23.99	0.89	3.280911216	106.6	19.62222222	10.66666667	4.870947423	5.0604831	0.827	6.93865	3.41136	2.256672036	3.668472644	5.498333334
NSFTV_84	9.3	20.385	33.55	1.666666667	2.319114395	132.5833333	30.96666667	9.916666667	5.231108617	5.606108392	0.687	7.857083333	3.367133333	2.334443837	3.763595114	6.668333334
NSFTV_85	7.55	26.59	31	1.166666667	3.860729711	143.1666667	28.45	9.5	5.04234927	5.108971195	0.936	7.378733333	2.55115	1.769736796	3.466206365	NA
NSFTV_86	8.3	0.245	NA	NA	NA	NA	NA	NA	NA	NA	NA	NA	NA	NA	NA	8.67
NSFTV_87	8.9	0.366666667	37.5875	1.4125	2.618438042	116.125	24.94285714	10.5	5.041990396	5.283767586	0.785	8.61393	3.48906	2.577018539	3.94039003	6.998333334
NSFTV_88	8.4	24.6	33.2	1.491666667	3.098589659	137	26.31666667	9	5.357014999	5.51122691	0.857	7.249508333	2.966566667	2.01662598	3.574248087	8.835
NSFTV_89	7.9	22.22	36.05	1.558333333	2.442347035	114.6666667	24	11.16666667	5.520794029	5.672463791	0.859	6.794891667	3.184908333	2.115205767	3.592392415	8.331666667
NSFTV_92	8.75	17.53333333	35.23333333	1.7	2.538973871	123.4444444	23.83333333	11.11111111	5.034243308	5.175678812	0.868	7.972683333	3.696691667	2.561706284	3.893147988	8.833333334
NSFTV_93	9.15	17.14666667	28.44444444	1.122222222	3.659278984	150.4444444	29.0875	9.75	4.639132342	4.865434345	0.797	9.468733333	2.414975	1.902141108	3.658996112	8.001666667
NSFTV_94	7.5	15.45333333	29.20833333	0.916666667	3.719651113	93.16666667	21.46666667	9.666666667	4.680446307	4.89987301	0.803	7.324108333	3.436916667	2.324041581	3.730203523	6.001666667
NSFTV_96	9.75	12.025	37.02222222	1.111111111	2.610069793	101.6666667	22.58888889	8.444444444	4.840681386	5.07030085	0.795	8.394	3.38442	2.484691627	3.893516817	6.498333334
NSFTV_97	7.7	23.61333333	42.8125	1.0625	4.029806041	140.5	28.7625	10.75	4.951415934	5.288898145	0.714	7.2603375	3.1114375	2.124641937	3.632180788	8.668333334
NSFTV_98	8.2	26.34	25.2375	1.1375	3.098589659	83.88888889	22.67142857	11.57142857	4.893352133	5.043425117	0.861	9.970590909	2.495972727	2.103171385	3.799678359	3.501666667
NSFTV_99	8.95	22.495	33.2	1.541666667	2.922265122	134.3333333	26.70909091	9.909090909	4.752806185	5.011846681	0.772	9.583266667	3.157791667	2.492067064	3.962281456	7.665
NSFTV_100	8.7	10.60333333	27.62222222	1.611111111	2.978925155	114.8888889	23.94444444	11.55555556	5.032614201	5.340738082	0.735	8.138033333	3.382633333	2.440977983	3.850530743	6.501666667
NSFTV_101	9.5	20.51333333	27.625	1.45	2.818398258	86.16666667	27.45	11.08333333	4.894101478	5.209030676	0.73	9.632391667	2.644466667	2.121810339	3.778741677	3.331666667
NSFTV_102	8.7	21.25333333	27.85	1.1	3.481240089	105.5	30.75	10.5	4.600157644	4.86753445	0.765	9.8055	2.4696	2.030632002	3.750804407	6.835
NSFTV_103	7.75	16.97666667	30.175	1.05	2.957511061	95.08333333	24.13333333	9.777777778	4.881538499	4.998900038	0.889	7.528083333	3.534583333	2.404006862	3.784157247	5.335
NSFTV_105	7.2	24.64333333	31.83333333	1.533333333	3.727699446	131.1111111	24.9625	8	5.042251408	5.11635938	0.929	7.614041667	2.793958333	1.972322536	3.580265968	8.085
NSFTV_106	7.45	14.09333333	30.15	1.441666667	3.493979115	93.83333333	25.90833333	9.166666667	4.892852258	5.083472618	0.826	9.4203	2.934808333	2.332307312	3.879577807	6.831666667
NSFTV_107	9	18.88	28.64166667	1.266666667	3.012261576	114.25	23.2	10.27272727	4.521788577	4.953262954	0.65	9.943041667	3.080191667	2.483052849	3.9780785	7
NSFTV_108	9.35	22.68	41	1.583333333	2.47793798	112.7777778	29.18333333	12.5	5.11131822	5.279813895	0.845	9.037366667	3.417566667	2.542744385	3.951737507	8.668333334
NSFTV_109	7.7	24.38	NA	NA	NA	NA	NA	NA	NA	NA	NA	NA	NA	NA	NA	NA
NSFTV_110	7.5	24.92333333	44.83	1.3	3.601868077	143.4444444	26.76666667	10.125	4.807657412	5.101896885	0.745	8.7916	3.247266667	2.425836606	3.876720243	NA
NSFTV_111	NA	NA	NA	NA	NA	NA	NA	NA	NA	NA	NA	NA	NA	NA	NA	NA
NSFTV_113	8.45	15.38	29.31818182	0.845454545	3.325689829	90.90909091	18.76	7.1	4.475061501	4.635699391	0.852	7.332636364	3.387509091	2.301063026	3.718414205	6.331666667
NSFTV_114	9.1	14.03	37.6	1.625	3.028522096	108.8333333	26.64166667	12.66666667	5.165737902	5.642202536	0.621	8.137845455	3.232454545	2.327944446	3.789667167	7
NSFTV_115	8.7	21.32	15.41666667	0.716666667	2.890371758	123.3333333	20.98333333	8	4.465908119	4.586666714	0.886	8.023333333	3.708816667	2.561459943	3.890664528	NA
NSFTV_116	8.2	19.60666667	38.88333333	1.458333333	2.696876901	136.0833333	26.34545455	11.27272727	5.148022878	5.348837635	0.818	9.164941667	2.987408333	2.316617839	3.846444121	8.668333334
NSFTV_117	7.95	0.453333333	24.075	0.975	3.928552307	135.0833333	25.45555556	9.555555556	4.794286786	4.88073367	0.917	7.897675	3.241233333	2.310726859	3.768701176	8
NSFTV_118	7.95	12.57666667	25.66666667	1.177777778	3.17805383	106.8888889	18.05	9.833333333	4.716264233	4.812184355	0.909	7.854366667	3.729766667	2.588539006	3.901176842	6.333333334
NSFTV_119	9.25	21.95	45.71666667	1.116666667	3.648491393	90.91666667	30.79090909	11.45454545	5.030437921	5.362997923	0.717	9.937891667	2.75335	2.244588681	3.860432825	9
NSFTV_120	8.35	19.57	34.80833333	1.583333333	2.978925155	135.0833333	26.09090909	11.27272727	4.931198463	5.043425117	0.894	9.167141667	3.156908333	2.424768802	3.905801525	7.833333334
NSFTV_121	8.2	15.28333333	32.53333333	1.008333333	2.803360381	113.6666667	22.10909091	10.72727273	4.72812501	5.065228693	0.714	7.50465	3.709325	2.499288155	3.82952977	6
NSFTV_122	10.05	22.12666667	39.46666667	1.491666667	3.355735008	160.1666667	29.46666667	13	4.68981766	4.934473933	0.783	7.650075	3.193858333	2.228339163	3.707238229	7.501666667
NSFTV_123	7.55	24.79	27.38888889	1.2	3.789855371	132.1111111	23.6	9.875	4.937086606	5.072328863	0.874	7.511091667	3.097058333	2.161630022	3.667314425	8.668333334
NSFTV_124	NA	24.445	NA	NA	NA	NA	NA	NA	NA	NA	NA	NA	NA	NA	NA	9
NSFTV_125	7.4	23.59	41.42222222	1.188888889	3.801091445	153.0833333	29.48888889	10.66666667	4.987404575	5.148140263	0.852	8.212183333	3.069025	2.252166854	3.760505107	8.333333334
NSFTV_126	9.3	25.19	25.74	1.43	3.604893798	144	24.18571429	13.14285714	4.771625801	5.041990396	0.763	7.450941667	3.566516667	2.385532041	3.763370433	6.585
NSFTV_128	7.95	16.04666667	29	1.4	3.273995124	116.5555556	24.275	11.25	5.15224007	5.281818367	0.878	7.70395	3.347641667	2.352506363	3.774348949	6.668333334
NSFTV_129	7.75	25.15	26.09166667	1.166666667	3.795489189	136	26.44166667	10.25	4.864324175	5.112991301	0.78	7.633277778	3.099344444	2.187244073	3.690290957	8.668333334
NSFTV_130	7.65	25.355	23.06666667	1.083333333	3.83765859	144.3333333	24.61111111	8.444444444	4.830493179	4.940992861	0.895	7.544575	3.120641667	2.181013327	3.679155244	8.665
NSFTV_131	7.05	27.20666667	34.71	1.51	3.453157121	139.6	27.07	9.8	5.134490392	5.280379666	0.864	8.347644444	2.7529	2.110232055	3.661830804	9
NSFTV_132	7.75	26.5	43.16666667	1.538888889	3.149882953	128.8888889	29.42	13.2	5.635114226	5.836404363	0.818	8.325758333	2.7148	2.020779056	3.657102798	8.666666667
NSFTV_134	9.9	15.03333333	31.37272727	1.281818182	2.47730205	110.8181818	21.80909091	12.09090909	5.184333921	5.370215106	0.83	8.646136364	3.961845455	2.792694334	4.051771667	4.668333334
NSFTV_136	NA	NA	NA	NA	NA	87.5	NA	NA	NA	NA	NA	NA	NA	NA	NA	7.33
NSFTV_137	7.95	22.43333333	30.83333333	1.133333333	4.04158821	130.2222222	27.91666667	8.666666667	4.675374445	4.728192001	0.949	8.116016667	3.0161	2.234916344	3.751952644	8.001666667
NSFTV_138	9.6	25.72666667	43.25	0.716666667	3.737669618	139.2222222	24.56666667	11.16666667	3.751183337	4.722318099	0.379	7.243433333	2.883	1.946291029	3.537586493	9
NSFTV_139	8.2	21.58	33.06	1.19	2.602689685	107.1	28.79	14.5	5.521860838	5.730424406	0.812	9.04751	2.33926	1.832650261	3.608805954	8.331666667
NSFTV_140	8.95	12.63333333	30.15454545	1.372727273	3.113515309	99.81818182	22.92	10.3	4.841822087	5.245443877	0.668	8.251154545	3.134427273	2.294734356	3.785043402	5.835
NSFTV_141	NA	23.28	39.15	1.066666667	3.592735594	129.3333333	26.28333333	12.83333333	4.727387819	5.403427851	0.509	8.075283333	2.432666667	1.765814684	3.51344165	9
NSFTV_142	8.8	25.235	36.96666667	1.088888889	3.884994333	194.3333333	29.71111111	10.66666667	4.906919516	5.073088309	0.847	8.161122222	2.8885	2.128538537	3.697338024	8.835
NSFTV_143	7.75	18.32333333	37.69	1.04	3.352407217	97.5	24.78	10	5.085742767	5.184588601	0.906	7.375	3.2199	2.249379445	3.694762366	5.5
NSFTV_144	7.4	18.05	21.43333333	0.766666667	NA	75	17.2	5.666666667	3.843030134	3.938340314	0.909	7.4059	3.2906	2.273948965	3.71490776	8.165
NSFTV_145	10.55	22.68	27.72	1.04	3.691999581	157.1	23.9625	11.5	4.50313746	5.02322241	0.594	8.73453	2.84297	2.163820603	3.74771094	8.335
NSFTV_146	NA	NA	22	1.066666667	NA	70	17.725	9.5	NA	4.532599493	NA	NA	NA	NA	NA	8
NSFTV_147	7.5	22.47	31.95	1.44375	2.75860248	105.9166667	22.66666667	12.77777778	5.575949103	5.708585735	0.876	7.851966667	2.399108333	1.734861316	3.4888452	6.498333334
NSFTV_148	NA	24.755	NA	NA	NA	90.66666667	NA	NA	4.477336814	4.919980926	0.642	NA	NA	NA	NA	8
NSFTV_149	8	22.97	36.8	1.558333333	2.920769235	140.6666667	31.21111111	13.22222222	5.371154691	5.483874424	0.893	9.352316667	2.8225	2.249674702	3.831131229	8.665
NSFTV_150	8.4	15.03	34.27	1.41	3.010620886	107.9	25.28	9.9	4.71939133	5.365976015	0.524	8.272422222	3.139988889	2.302556204	3.790849729	7.165
NSFTV_151	8.35	15.84	30.68	1.06	3.328228362	81.1	22.92857143	9.285714286	4.856706812	5.019925341	0.849	7.4139	3.42003	2.317202733	3.732496499	5.333333334
NSFTV_152	9.1	26.11	31.9	1.241666667	3.463128339	153.6666667	27.45833333	8.166666667	4.941047007	5.044499808	0.902	9.394816667	2.195816667	1.734106816	3.578931116	8
NSFTV_153	8.1	27.6	31.54166667	1.191666667	3.212186837	143.8333333	28.23333333	7.583333333	4.774912961	4.885323992	0.895	9.496883333	2.571383333	2.077244338	3.754154813	7.666666667
NSFTV_154	10.05	18.215	24.93333333	0.983333333	3.016351561	113.3333333	19.525	10.5	4.591747166	4.790957951	0.819	8.568158333	3.483383333	2.507481167	3.896042833	5.835
NSFTV_155	10.45	18.52666667	24.175	0.816666667	3.48635519	116.8333333	22.0625	9	4.564348191	4.662581093	0.906	7.519358333	3.464683333	2.37035277	3.764360813	7.335
NSFTV_156	8.1	24.23	33.29166667	1.308333333	3.79173684	98.08333333	26.3	12.41666667	4.984747523	5.14409724	0.853	7.389308333	3.115875	2.188669569	3.683247164	8.331666667
NSFTV_157	8	18.90666667	34.24444444	1.122222222	3.266607228	98.22222222	23.67142857	10.85714286	4.951907021	5.157137753	0.814	7.3989	3.362911111	2.308561642	3.732516416	5.331666667
NSFTV_158	8.05	20.11	41.4	1.066666667	3.184974273	102.1666667	25.41666667	9.166666667	4.805386233	5.107963638	0.739	6.951116667	3.47045	2.302196684	3.69763146	NA
NSFTV_160	9.35	18.35	26.28888889	1.022222222	3.392829132	134	29.28888889	8.444444444	4.698964065	4.80811103	0.897	8.377483333	3.052558333	2.25274688	3.768620193	7.335
NSFTV_161	7.7	23.56	30.78333333	1.316666667	3.501545355	96.11111111	24.26	12	5.562816104	5.797407734	0.791	7.683009091	3.016663636	2.133551944	3.665607338	5.333333334
NSFTV_162	7.6	24.88333333	49.44444444	0.655555556	3.763136225	129.1111111	27.8	10.33333333	4.622295436	5.031031922	0.664	8.092125	2.514041667	1.833374483	3.546893854	8.835
NSFTV_163	7.4	26.71666667	28.92222222	0.966666667	4.099884743	143.9166667	27.1	10.77777778	5.065754593	5.232444622	0.846	7.761075	2.610125	1.889985847	3.558789039	7.585
NSFTV_164	7.2	20.5	29.87777778	1.755555556	2.737249356	110.8333333	25.03333333	13.16666667	5.367532436	5.479712568	0.894	8.875233333	3.254144444	2.38710188	3.854019529	7
NSFTV_165	8.8	19.18	25.29166667	1.366666667	2.538973871	134.6666667	25.95	10.33333333	5.173792908	5.634789603	0.631	7.701481818	3.309981818	2.287188074	3.733866943	7.331666667
NSFTV_166	8.6	27.48666667	36.77916667	1.066666667	3.55296427	161	30.60909091	9.090909091	4.952620899	5.257968745	0.737	8.77615	2.868683333	2.208725777	3.779129885	8.666666667
NSFTV_168	7.7	27.95666667	34.96666667	0.95	3.576550269	159.4444444	32.2	10	4.838923916	5.179909135	0.711	8.782975	3.092733333	2.357858166	3.852586115	8.835
NSFTV_171	7.8	25.28666667	22.09166667	1.175	3.757316616	87.16666667	22.09166667	9.333333333	5.008410599	5.157617484	0.861	8.880391667	2.987925	2.294116838	3.822013502	5.001666667
NSFTV_173	7.6	18.17	32.76666667	1.033333333	2.85263143	88.11111111	23.18333333	9.833333333	4.624972813	4.758504206	0.875	7.714477778	3.313355556	2.307818044	3.751356738	6.835
NSFTV_174	9	22.84	39.53333333	1.544444444	2.47793798	151.6666667	31.24285714	14.42857143	5.088477781	5.277385531	0.828	9.854327273	2.849645455	2.321397926	3.898137778	8.833333334
NSFTV_175	NA	NA	NA	NA	NA	NA	NA	NA	NA	NA	NA	NA	NA	NA	NA	NA
NSFTV_176	9.8	22.505	36.75833333	1.891666667	2.668384945	131.6666667	26.29166667	14.5	5.152327739	5.318936654	0.847	9.099141667	3.6986	2.564357516	3.95548184	7.5
NSFTV_177	7.6	13.39	24.28888889	1.166666667	3.595026545	90	20.36666667	10.5	4.894441903	5.02148531	0.881	7.960258333	3.238133333	2.336748971	3.786726565	4.831666667
NSFTV_178	8.05	27.28666667	41.88333333	1.541666667	3.215536924	159.75	30.1	9.818181818	5.318565527	5.484796933	0.847	6.7898	2.764791667	1.836237439	3.460431233	7.666666667
NSFTV_179	8.7	21.43	20.725	0.816666667	3.585831078	97.41666667	20.775	10.25	4.658710953	4.743481802	0.919	7.486616667	3.5665	2.452777951	3.810186458	5.331666667
NSFTV_180	8	18.94333333	31.85833333	1	3.10980473	112.75	25.6	9.333333333	4.820281566	5.012855051	0.825	7.188383333	3.593733333	2.42234765	3.774605596	6.498333334
NSFTV_181	7.45	18.605	34.03333333	1.0125	3.341093458	126.1666667	22.95555556	12.11111111	5.106496286	5.336663572	0.794	7.519775	3.513616667	2.424476714	3.799550034	7.331666667
NSFTV_182	7.4	18.245	32.85	1.441666667	2.90416508	128	23.93333333	13.66666667	5.321382639	5.451515212	0.878	8.541775	3.380958333	2.481152389	3.897613857	6.166666667
NSFTV_183	7.6	23.87	34.07777778	1.7	2.751535313	122.4444444	22.86666667	11.55555556	5.139712336	5.252709633	0.893	8.686627273	3.092918182	2.335176362	3.832389699	8.331666667
NSFTV_184	8.8	19.425	35.5	1.133333333	2.608843551	117.8333333	23.57777778	11.33333333	4.89987301	5.059136816	0.853	7.369758333	3.99045	2.640226884	3.89509249	8
NSFTV_185	7.75	22.74333333	32.18333333	1.441666667	2.922265122	127.4166667	22.26666667	10	4.805386233	4.971547905	0.847	9.431745455	3.162709091	2.453051592	3.931865204	8.331666667
NSFTV_186	7.1	17.14333333	38.81666667	1.05	3.098589659	107.0833333	26.78181818	10.54545455	5.035771267	5.240784551	0.815	7.433666667	3.4992	2.397602048	3.778023313	5
NSFTV_187	8.3	20.08	27.525	1.275	2.696876901	106	25.1	12.08333333	5.11699531	5.222605545	0.9	9.690625	2.468066667	2.005345268	3.726810474	6.001666667
NSFTV_188	8.15	23.25333333	40.6	1.822222222	2.881069365	120.0833333	23.15	11.83333333	5.49340432	5.672750365	0.836	7.40925	3.131791667	2.172439391	3.670420336	8.335
NSFTV_189	8.05	23.36	22.39166667	1.116666667	3.64414356	141.6666667	19.52222222	7.888888889	4.7225491	4.849897309	0.88	7.458109091	3.305836364	2.288727703	3.727073635	8.498333334
NSFTV_190	9.1	23.15666667	26.75	1.883333333	NA	110.6666667	20.56666667	17	5.26096158	5.676753802	0.66	8.359555556	2.733177778	2.048524039	3.670277789	9
NSFTV_191	9.4	19.475	27.70833333	0.891666667	3.149882953	152	31.15833333	7.833333333	4.505851985	4.643516391	0.871	9.517816667	2.7633	2.19505556	3.802719541	8.165
NSFTV_192	NA	19.425	27.35833333	1.15	3.301990732	93.75	20.93333333	6.888888889	3.704663322	4.185513949	0.618	8.151533333	3.540883333	2.482491235	3.853467616	6.335
NSFTV_193	8.4	22.18	42.34444444	1.877777778	2.449567283	120.1818182	27.68888889	12.88888889	5.592643982	5.800774741	0.812	8.908483333	3.273916667	2.424301863	3.883134385	7.335
NSFTV_194	NA	NA	NA	NA	NA	82.66666667	NA	NA	NA	NA	NA	NA	NA	NA	NA	NA
NSFTV_195	8.2	16.86	31.21666667	1.55	2.722756348	95.5	23.82222222	10.77777778	4.742755849	4.985317486	0.785	10.29484167	3.689725	2.854637589	4.178134216	7
NSFTV_196	NA	NA	36	1.1	NA	102	NA	NA	NA	NA	NA	NA	NA	NA	NA	NA
NSFTV_197	9.8	21.13	40.5	1.5	2.602689685	99.6	22.58	11.9	5.411646052	5.638947613	0.797	5.893581818	3.276518182	1.996446469	3.458611436	8.165
NSFTV_198	9.8	22.41333333	21.55833333	1.316666667	3.205452805	90.83333333	23.13333333	9	4.88692564	5.026866489	0.869	9.716916667	2.708091667	2.204971345	3.828636867	5.668333334
NSFTV_199	NA	20.36666667	35.10833333	1.5	2.961830722	116.0833333	22.93333333	12.55555556	5.047002938	5.618385955	0.565	6.802872727	3.336309091	2.199578371	3.631992314	8.331666667
NSFTV_200	6.8	27.87333333	30.88888889	1.166666667	3.80666249	137	23.47777778	7.666666667	4.626061545	4.772566093	0.864	8.027308333	2.769508333	1.991685569	3.612118093	NA
NSFTV_201	9.15	23.74	35.88888889	1.588888889	2.456735773	111.25	25.9	10.88888889	4.955044279	5.072392172	0.889	9.34845	3.53535	2.634308572	4.011979948	8.835
NSFTV_202	9.05	21.225	33.6	1.433333333	3.149882953	127.25	22.38888889	10.125	4.641180624	5.017279837	0.687	9.380325	2.977608333	2.353291674	3.886250564	8.668333334
NSFTV_203	7.65	22.695	35.41666667	1.058333333	3.944812828	143.8333333	26.56666667	8.5	4.708027571	4.820281566	0.894	7.877266667	2.76445	2.011207311	3.623222752	8.835
NSFTV_205	10.05	15.13333333	29.41666667	1.341666667	2.862200881	115.3333333	23.84166667	9.416666667	4.94875989	5.037601742	0.915	9.4767	3.619025	2.724913327	4.067438885	6
NSFTV_206	7.5	27.09333333	37.7	1.055555556	3.468336684	187.8888889	34.68888889	9.444444444	4.615120517	5.091019824	0.621	8.714466667	3.077716667	2.344296292	3.842197287	8.665
NSFTV_207	7.6	23.26	40.95833333	1.391666667	3.441130092	121.5	29.55555556	11.55555556	5.170483995	5.472270674	0.739	8.444055556	2.960244444	2.22003285	3.761881795	9
NSFTV_208	7.5	22.73	42.24444444	1.188888889	3.786711703	141	24.38888889	13.33333333	5.068904202	5.18178355	0.893	7.999666667	2.720216667	1.999203763	3.623458321	8.666666667
NSFTV_209	7.5	24.97666667	25.27777778	1.088888889	3.55296427	88.55555556	24.06666667	11.66666667	5.050923813	5.123467825	0.93	7.4538	3.156941667	2.225549249	3.70222336	7.335
NSFTV_204	9.05	16.34	25.05555556	1.077777778	3.113515309	112.6666667	19.06666667	8.222222222	4.672828834	4.890975498	0.804	9.621641667	3.94675	2.871871116	4.139883415	3.833333334
NSFTV_211	9.7	0.063333333	23.79166667	1.083333333	3.083437854	101.1666667	20.36666667	7.5	4.508108473	4.601831285	0.911	8.923466667	3.604725	2.609975426	3.969046799	6.665
NSFTV_212	NA	NA	37.8	1.708333333	2.777783539	138.9166667	25.1	11.66666667	4.91876364	5.147978856	0.795	9.485558333	3.272391667	2.525770643	3.973068715	8
NSFTV_213	8	12.79666667	33.36666667	1.433333333	2.730029108	120.0833333	23.475	10.91666667	5.12148074	5.334729653	0.808	9.409616667	3.367525	2.579252349	3.991481389	5.831666667
NSFTV_214	8.6	22.96	38.4	1.466666667	2.880219386	123.1666667	26.71111111	12.77777778	5.247024072	5.416504361	0.844	9.39707	2.5966	2.085792581	3.751480944	8.5
NSFTV_215	8.7	22.905	32.45	1.45	2.876385516	101.0833333	22.51666667	10	4.899082808	5.006180944	0.898	8.7648	3.501758333	2.579818392	3.954023345	7.665
NSFTV_217	8.6	13.68	31.38333333	0.916666667	2.862200881	120.75	28.20909091	11.45454545	5.200002678	5.386994023	0.829	9.3689	2.562808333	2.060920031	3.738421518	5.666666667
NSFTV_218	9	11.835	25.425	0.866666667	3.245193133	113.75	24.9	9.833333333	4.62333749	4.918154441	0.745	9.46975	2.615783333	2.131806657	3.781275734	4.501666667
NSFTV_219	8.55	17.555	23.48333333	0.983333333	3.390024081	87.75	18.26666667	6.666666667	4.204692619	4.447984602	0.784	9.0154	3.449654545	2.588152203	3.977528275	6.165
NSFTV_220	10.7	18.82666667	30.86666667	1.025	3.54337187	95.25	19.85555556	7.888888889	3.978831675	4.175784894	0.821	8.0079	3.501618182	2.467177689	3.843533708	6.501666667
NSFTV_221	8.45	16.89	29.78333333	0.925	3.171085161	117	22.975	6.5	4.558253266	4.684443367	0.881	8.3324	2.88335	2.132146651	3.708432459	7.501666667
NSFTV_222	9.05	20.255	29.94166667	1.1	3.834061464	143.25	27.00833333	10.75	4.862393051	4.976158865	0.892	8.061483333	3.027325	2.210657104	3.731799047	8.668333334
NSFTV_223	9.1	17.715	28.88333333	1.375	2.871679625	121.1666667	22.22727273	8.818181818	4.83958333	5.018382981	0.836	9.931816667	3.145108333	2.518134549	3.995267658	7.665
NSFTV_224	10.95	16.765	27.39166667	0.991666667	3.044522438	110.5833333	21.41818182	11	4.806997237	4.978612854	0.842	8.123975	3.57265	2.50471132	3.868558286	NA
NSFTV_225	8.75	13.58	31.46666667	1.308333333	3.083437854	103.0833333	22.83333333	10.77777778	5.191946239	5.279041873	0.917	7.94155	3.916983333	2.688986867	3.956975338	5.001666667
NSFTV_226	8.8	12.81333333	28.075	1.591666667	2.63905733	100	23.25833333	10.25	4.846153655	4.977882508	0.877	9.8589	3.683	2.781769884	4.112926537	6.331666667
NSFTV_228	8.5	26.58666667	28.74166667	1.066666667	3.771482983	118.8181818	24.39166667	9.916666667	4.882801923	4.902802589	0.98	8.358458333	3.06465	2.246663561	3.763874057	4.833333334
NSFTV_232	7.85	13.91	25.14166667	1.058333333	3.373026505	70.58333333	15.63333333	9.833333333	4.656554385	4.725777512	0.933	7.020018182	3.493909091	2.315266165	3.703767843	5.166666667
NSFTV_233	7.95	13.46	22.04166667	0.883333333	3.139110856	81.91666667	18.08333333	8.25	4.433788569	4.571268634	0.872	7.2806	3.3197	2.259801106	3.69764034	4.835
NSFTV_234	8.55	22.15	20.96666667	1.1	4.124442593	83.5	23.76363636	8.272727273	4.691347882	4.766438334	0.928	8.013363636	3.132063636	2.264690627	3.755003153	4.665
NSFTV_235	8.1	23.36333333	28.20833333	1.183333333	3.688879454	139.5	25.36363636	8.545454545	4.724971386	4.85557511	0.878	7.929525	3.029175	2.209314166	3.725292945	8.835
NSFTV_236	8.35	0.353333333	27.25	1.158333333	3.238678452	117.25	22.92222222	10.33333333	4.901564199	5.187385806	0.751	7.323566667	3.17715	2.183843786	3.662128141	6.833333334
NSFTV_237	9.6	11.40666667	22.8	0.958333333	2.823361048	95	23.33333333	9	4.539742381	4.685981829	0.864	11.23425833	2.818841667	2.452041917	4.027239937	6
NSFTV_240	8	12.58	24.26666667	1.358333333	2.751535313	103.75	24.17272727	11.81818182	4.895122407	5.034588535	0.87	9.196941667	3.587908333	2.649453106	4.008869278	5.998333334
NSFTV_241	8.15	25.21333333	25.83333333	1.183333333	3.54577861	98.77777778	24.8	10	4.954260887	5.164150852	0.811	7.828690909	2.730781818	1.992749122	3.614149051	8.335
NSFTV_242	8.25	19.32333333	26.46666667	1.275	3.198673118	115.1666667	21.75555556	9.111111111	4.994136295	5.085349143	0.913	8.778472727	3.201018182	2.396812869	3.866491834	7
NSFTV_243	7.95	19.97	29.27777778	1	3.633190548	86.33333333	20.71666667	8	4.421848129	4.588363068	0.847	9.918509091	3.147372727	2.52088274	3.997216231	6.998333334
NSFTV_248	9.1	14.78	29.33333333	1.158333333	2.833213344	119.5833333	22.24545455	9.727272727	4.972335369	5.177176427	0.815	8.566533333	3.647433333	2.605831043	3.953380217	4.835
NSFTV_250	7.75	16.30333333	28.63333333	0.966666667	3.32323584	94.66666667	19.46666667	7	4.158883083	4.331928798	0.841	7.523325	3.658483333	2.484770529	3.818853067	5.998333334
NSFTV_251	8.9	20.22333333	28.76666667	1.1	3.146305132	90	24.39166667	10.25	4.860458191	5.127924381	0.765	8.986816667	2.298658333	1.815010664	3.601980344	7.331666667
NSFTV_252	8.25	25.27	36.01666667	1.016666667	3.874667219	136.25	23.15555556	7.111111111	4.518819748	4.736198448	0.805	10.34176667	2.684391667	2.22697394	3.868666552	6.5
NSFTV_254	7.95	25.92333333	35.825	1.183333333	3.770843392	125.0833333	28	8.833333333	4.95774583	5.200002678	0.785	8.54785	3.047258333	2.284439792	3.79768752	7.5
NSFTV_255	NA	25.93333333	24.96666667	1.133333333	3.657130756	124.3333333	22.58888889	8.222222222	4.49980967	4.602439187	0.902	7.688191667	3.090925	2.222457243	3.717396047	NA
NSFTV_257	9.6	18.22333333	27.62727273	0.981818182	3.070633582	90.75	18.54166667	8.166666667	4.491441421	4.736929176	0.782	9.782033333	3.155941667	2.509801139	3.984886465	6.165
NSFTV_258	8.75	22.65333333	26.51666667	1.241666667	2.999890284	125.75	29.95	9	4.748548769	4.882801923	0.874	10.01429	2.62081	2.165599742	3.82580237	NA
NSFTV_259	8.8	27.29333333	30.50833333	1.175	3.375879574	148.3333333	27.32222222	7.444444444	4.891032422	5.011241171	0.887	9.073908333	3.380366667	2.548045755	3.957908001	NA
NSFTV_261	8.4	25.45333333	30.28333333	1.125	3.963982744	102.6666667	19.34545455	6.636363636	4.289213335	4.377470818	0.916	7.996266667	2.775916667	1.970143888	3.596261938	8.668333334
NSFTV_262	8.65	25.365	27.81666667	1.408333333	3.462890951	130	20.91666667	8.5	4.899195732	4.976106587	0.926	8.038845455	3.074954545	2.220580007	3.728862988	NA
NSFTV_264	8.85	14.36333333	23.63333333	1.4	3.075774981	102.8333333	19.11666667	10	4.841558964	4.968655222	0.881	9.503625	3.584991667	2.736722418	4.08084989	4.831666667
NSFTV_266	8.35	14.025	21.175	0.991666667	2.881069365	110.1666667	21.13333333	8.333333333	5.081404365	5.155857343	0.928	7.5431	3.597675	2.43668903	3.800059441	4.166666667
NSFTV_267	8.7	14.455	19.28333333	0.591666667	3.506557897	97.25	18.79166667	9.666666667	4.471638793	4.575569716	0.901	7.441141667	3.39825	2.322842682	3.737872971	4.501666667
NSFTV_268	8.65	17.60666667	37.61666667	1.108333333	3.388618599	106	22.39166667	7.916666667	4.369447852	4.537069773	0.846	9.0544	3.399858333	2.548301288	3.952091276	6.498333334
NSFTV_269	10.55	15.78333333	34.975	1.075	3.113515309	92.58333333	24.74166667	9.090909091	4.904657304	5.278964638	0.688	9.581616667	2.68765	2.178205032	3.806033774	NA
NSFTV_270	8.9	13.36666667	24.875	1.45	2.922265122	108.8333333	22.37272727	8.909090909	4.691347882	4.854158679	0.85	10.7766	3.24625	2.655108766	4.10232155	5.835
NSFTV_271	10.15	14.65666667	28.43333333	1.1	2.627081139	114.25	24.025	10.66666667	4.870734453	5.110983268	0.786	10.17014167	3.717766667	2.871843291	4.183895259	4.998333334
NSFTV_272	10.15	25.55	35.85	1.041666667	3.412247218	142.4444444	32.2	7.090909091	4.050994121	4.651359568	0.549	12.54885455	2.940963636	2.669006297	4.198152419	7.501666667
NSFTV_273	9.5	16.08333333	29.80833333	1.216666667	2.813410717	130.8333333	23.87272727	10.27272727	4.885552956	5.094865028	0.811	9.220925	3.34745	2.515471553	3.94728461	6
NSFTV_274	8.85	20.89333333	36.325	1.541666667	2.590267165	147.9166667	35.68333333	8.916666667	4.717754547	4.967495801	0.779	9.897763636	3.247327273	2.591511618	4.026850891	NA
NSFTV_275	8.5	15.68	26.59166667	1.108333333	3.012261576	100.25	20.325	9.833333333	4.404684659	4.522693964	0.889	8.566575	3.356825	2.48285037	3.899336201	6.831666667
NSFTV_276	7.75	25.25666667	33.75833333	1.458333333	3.36441813	135.3333333	27.25833333	11	5.379897354	5.466300507	0.917	6.835309091	3.3243	2.177501038	3.616088796	7.166666667
NSFTV_277	9.05	17.01	25.31111111	1.511111111	3.075774981	101.1	17.83333333	10.77777778	4.922411061	5.189246271	0.766	8.544	3.848033333	2.687100616	3.983709047	5.665
NSFTV_278	8.5	14.05	26.25	0.966666667	3.567182519	92.83333333	21.6	8.111111111	4.752806185	4.949404428	0.822	7.766466667	3.23775	2.279944894	3.740340453	5.668333334
NSFTV_279	11.15	19.26666667	29.2	0.941666667	3.235405127	90.91666667	16.95	6.166666667	4.291600343	4.48863637	0.821	8.292808333	3.39995	2.470425919	3.874638326	5.998333334
NSFTV_280	8.05	16.46333333	34.55	1.408333333	2.866951484	114.75	25.70909091	11.27272727	5.097646671	5.45064821	0.703	8.520266667	3.216266667	2.382209252	3.844561283	7.166666667
NSFTV_282	8.95	15.39666667	21.425	1.466666667	3.008154794	79.75	16.77777778	11.11111111	5.201005184	5.357871897	0.855	7.652391667	3.863633333	2.59923372	3.890391897	6.166666667
NSFTV_283	9.6	14.92	28.14166667	1.166666667	3.071921412	96.41666667	19.37272727	9.727272727	4.831218605	5.094865028	0.768	8.309283333	3.641125	2.59913275	3.935938405	4.5
NSFTV_285	8.95	20.3	27.74166667	1.291666667	2.650891787	93.16666667	22.51111111	9.222222222	4.91665756	5.089278421	0.841	9.679854545	2.971590909	2.361337589	3.899645814	6.001666667
NSFTV_286	8.45	13.96333333	32.88888889	1.622222222	3.071921412	105.1666667	25.05555556	11.22222222	4.833632899	5.133835728	0.741	9.431591667	3.400683333	2.621018824	4.017394971	8.501666667
NSFTV_287	8	15.04	29.35833333	1.258333333	3.063390922	91.08333333	18.61666667	6.416666667	4.220732445	4.428830701	0.812	8.11275	3.747416667	2.618621966	3.930351671	6.001666667
NSFTV_288	11	20.24	31.025	1.141666667	3.164067588	89.33333333	19.03333333	7.083333333	4.143134726	4.414816457	0.762	8.894866667	3.360283333	2.51526745	3.932686537	6.166666667
NSFTV_289	9.9	17.77333333	31.94166667	0.941666667	3.283414346	98.08333333	20	6.818181818	4.275402695	4.392201963	0.89	8.752466667	3.531341667	2.588710329	3.957183256	5.166666667
NSFTV_290	8	15.11666667	27.99166667	1.008333333	3.747541367	90.91666667	18.84545455	10.18181818	4.89239761	4.96284463	0.932	7.16465	3.455941667	2.313924722	3.711707728	4
NSFTV_291	7.1	14.885	18.28333333	0.966666667	3.387774361	67.75	16.51111111	8.222222222	4.518158809	4.657129925	0.87	7.0208	3.221191667	2.13589473	3.611953187	6.001666667
NSFTV_293	7.8	25.86333333	26.43333333	1.016666667	3.273995124	138.5833333	26.46666667	7.666666667	4.919372468	5.033700567	0.892	8.318841667	3.485533333	2.522538896	3.902689248	NA
NSFTV_296	8.9	15.53	24.95	1.383333333	3.48635519	97.08333333	19.46363636	8.818181818	4.906919516	5.080713996	0.84	8.318083333	3.730366667	2.596500821	3.927871256	4.165
NSFTV_297	9.35	16.77	24.6	1.375	3.222203615	99.91666667	18.14545455	10.63636364	4.894441903	5.276257648	0.683	8.422808333	3.839725	2.678849079	3.973443389	5.665
NSFTV_298	7.15	26.29666667	28.00833333	0.968333333	3.326234343	129.75	26.32222222	11.44444444	5.373218675	5.609878713	0.789	7.500808333	2.772825	1.940180672	3.559033405	NA
NSFTV_299	7.65	23.25333333	27.75	1.075	3.799227511	130.25	25.54545455	8.727272727	4.816609141	4.87866113	0.94	8.076133333	3.137541667	2.279080171	3.765541068	5.668333334
NSFTV_300	8	18.91666667	28.51666667	1.316666667	2.908720897	99.75	21.21111111	10.33333333	5.04576841	5.203507062	0.854	8.102783333	3.406666667	2.412433772	3.828777619	7.335
NSFTV_301	11.3	14.95	25.51111111	0.777777778	2.722756348	108.2222222	21.24444444	9.444444444	4.834516681	5.009894279	0.839	7.3055	3.293477778	2.261623042	3.702161139	5.335
NSFTV_302	9.6	15.24333333	23.65	0.9875	2.862200881	101.9166667	22.51666667	9.583333333	4.596241555	4.816690897	0.802	7.0951375	3.2013625	2.181405671	3.649330412	8.166666667
NSFTV_303	8.35	16.39	24.00833333	1.425	3.17805383	98.41666667	17.55833333	10.08333333	4.969234428	5.245268145	0.759	8.369708333	3.805808333	2.660584659	3.962703287	5.001666667
NSFTV_304	7.6	25.36	33.45833333	1.033333333	3.606403232	126.5	27.625	9.5	4.802653991	5.029893111	0.797	7.844366667	3.232266667	2.267454338	3.738317623	NA
NSFTV_305	9.35	13.72	26.15	1.233333333	3.128221457	123.25	23.01111111	9.222222222	4.88073367	4.977360505	0.908	9.64742	3.52984	2.710996523	4.074349316	6.835
NSFTV_306	11.05	17.01	22.98333333	0.858333333	3.392829132	97	18.1	7.555555556	4.249793101	4.491696036	0.785	7.337758333	3.61325	2.461526422	3.808600056	5.835
NSFTV_308	9.25	20.40666667	31.70833333	1.1	3.208825489	105.0833333	27.41111111	12.88888889	5.354487638	5.585165758	0.794	8.680591667	2.435808333	1.858282998	3.598125856	8.331666667
NSFTV_309	8.2	19.10333333	30.66666667	1.441666667	2.788092909	132.1666667	25.86363636	9.363636364	4.746511908	4.901902094	0.856	9.246408333	3.361191667	2.569618568	3.984548142	NA
NSFTV_310	10.5	10.29	24.56666667	1.266666667	2.842969519	114.6666667	26.05833333	10.33333333	4.596954713	5.05199048	0.634	10.22410909	2.697636364	2.248933997	3.87673303	4.168333334
NSFTV_311	7.65	14.98666667	23.59166667	0.716666667	3.516508228	94.66666667	20.6125	10.625	4.729352456	4.929666232	0.818	7.348366667	3.428675	2.323102334	3.72850253	6.835
NSFTV_312	8.2	24.62	28.16666667	0.991666667	3.641962534	122	25.175	7.666666667	4.575569716	4.662652621	0.917	8.336058333	2.8867	2.142614874	3.711413438	NA
NSFTV_313	7.9	24.215	26.91666667	1.291666667	3.417726684	123.1666667	24.34166667	10.16666667	5.171430517	5.288687818	0.889	9.052758333	2.508191667	1.993067462	3.692345524	6.998333334
NSFTV_314	7.75	24.92666667	40	1.525	3.699242241	130.6666667	24.36666667	8.555555556	5.008967237	5.086566999	0.925	8.392516667	2.755825	2.02182567	3.655346584	7.498333334
NSFTV_315	7.5	25.05333333	35.15833333	1.083333333	3.113515309	151.6666667	28.2	10.875	5.053346412	5.221828941	0.845	9.068575	3.165725	2.426059311	3.897964479	NA
NSFTV_316	8.2	23.285	36.825	1.5	3.344038968	135.5	26.85	10	5.422142717	5.470358993	0.953	7.020316667	3.026941667	2.016655928	3.553682628	6.498333334
NSFTV_317	8.55	24.97666667	24.275	1.233333333	3.320228319	136.3333333	22.78888889	8.222222222	4.578452798	4.644390899	0.936	8.575916667	3.59995	2.599789187	3.948686927	NA
NSFTV_318	7.45	24.835	30.625	1.491666667	3.245193133	145.5833333	26.625	10.16666667	5.184121639	5.226194602	0.959	7.289366667	3.176441667	2.170316712	3.653197655	NA
NSFTV_320	8.25	25.04333333	28.75	0.991666667	3.624340933	126.75	27.11111111	7.666666667	4.8533315	4.902183586	0.952	7.869833333	2.947625	2.130795876	3.67631333	NA
NSFTV_321	8.45	25.23333333	30.64166667	1.533333333	3.128221457	131.9166667	25.25	11.16666667	5.136288513	5.197114861	0.941	7.325209091	2.834527273	1.962693198	3.555812629	7
NSFTV_323	7.4	24.42333333	35.35833333	1.458333333	2.999890284	141.9166667	27.86666667	11.22222222	5.20720669	5.294141995	0.917	7.827616667	2.831783333	2.032732024	3.624546912	NA
NSFTV_324	8.6	25.25	26.11666667	1.325	3.622116238	133.9166667	24.30833333	9.333333333	4.926649638	4.996085513	0.933	7.288075	2.86105	1.975912681	3.560854066	7.666666667
NSFTV_325	8.1	22.85666667	23.125	1.233333333	3.745574798	154.4166667	26.23333333	9.555555556	4.721740365	5.02028555	0.742	8.051716667	2.7473	2.021503412	3.638673288	8.333333334
NSFTV_328	8.95	24.89	21.1	0.675	4.119037175	130.4166667	20.425	6.333333333	4.22561646	4.373658385	0.862	7.457666667	2.684675	1.872738918	3.516992764	NA
NSFTV_329	8.45	25.32	31.66666667	1.15	3.624340933	132	21.97777778	7.333333333	4.71280085	4.848472807	0.873	7.693391667	2.985466667	2.117662156	3.661939605	NA
NSFTV_330	8.3	25.34333333	30.675	1.1	3.619886583	137	25.75454545	7.363636364	4.375185103	4.482488809	0.898	9.080083333	3.075125	2.356076096	3.860072653	NA
NSFTV_331	9.2	24.81	26.54166667	1.133333333	3.235405127	113.5	22.21666667	7.333333333	4.364689715	4.439705746	0.928	8.546791667	3.648916667	2.59450816	3.943457232	NA
NSFTV_332	7.9	25.36666667	29.34166667	1.041666667	3.743604354	133.5	25.86666667	8.444444444	4.782935926	4.893079505	0.896	7.478466667	3.0337	2.120798393	3.648860956	NA
NSFTV_333	7.15	14.26666667	26.73636364	0.845454545	3.784189634	81.54545455	19.3375	7.875	4.450852826	4.639571613	0.828	7.054790909	3.2684	2.200689275	3.650107913	6.331666667
NSFTV_334	8.65	17.6	28.41666667	1.316666667	2.974678864	112.0833333	20.175	10	5.012855051	5.131376912	0.888	9.118091667	3.80845	2.761597287	4.062087921	4.335
NSFTV_335	8.8	10.34333333	24.26666667	1.016666667	3.674188739	86.5	19.30909091	8.363636364	4.564348191	4.74255777	0.837	8.485025	3.294875	2.385202176	3.835509604	7.335
NSFTV_336	8.05	23.915	25.30833333	1.45	3.258096538	129	22.43333333	7	4.613318715	4.655690454	0.959	8.207058333	3.325308333	2.388810953	3.82449786	NA
NSFTV_337	6.9	23.17666667	27.975	1.15	4.01186834	127.5833333	23.08181818	9.363636364	4.832667881	4.925275445	0.912	7.922233333	3.237416667	2.297394143	3.76284566	7.835
NSFTV_340	9	23.00666667	35.19166667	0.966666667	3.988984047	135.6666667	32.54444444	9.777777778	4.814890717	5.27014649	0.634	8.772433333	2.4884	1.939376949	3.64407188	8.166666667
NSFTV_341	7.4	25.45333333	36.94166667	1.425	3.442019376	132	24.44444444	9.444444444	5.16062147	5.229162144	0.934	9.104441667	2.674675	2.067524987	3.720254163	8.501666667
NSFTV_343	8.55	14.38333333	30.45	1.2	2.974678864	118.5833333	22.41666667	11.45454545	4.949404428	5.120168908	0.843	9.059933333	3.346508333	2.522327534	3.947076072	5.831666667
NSFTV_344	8.1	20.07666667	25.45	0.95	3.597312261	129.5	22.06363636	8	4.361359998	4.647881304	0.751	7.091933333	3.47735	2.320299758	3.716202344	7.665
NSFTV_345	8.9	23.98	29.41666667	1.425	3.348307918	131.75	22.89090909	7.545454545	4.467995802	4.525733355	0.944	8.375166667	3.6073	2.559224025	3.912642813	NA
NSFTV_346	8.8	26.37	35.41666667	1.225	3.63758616	129.1666667	24.88888889	8.444444444	5.041664036	5.132584722	0.913	9.194458333	2.663225	2.071130013	3.727499226	7.835
NSFTV_347	8.6	21.61666667	35.33333333	1.525	3.087247382	139.5833333	24.65454545	9.636363636	4.951710615	5.065754593	0.892	9.335483333	3.172291667	2.446707803	3.924366675	8.165
NSFTV_348	7.9	23.98	25.675	1.108333333	3.815879145	123.9166667	23.875	8.083333333	4.62333749	4.684443367	0.941	8.028416667	3.172316667	2.294986295	3.770822662	6.335
NSFTV_349	7.6	22.98	28.10833333	1.3	3.851919081	124.0833333	22.1625	10.875	5.153933649	5.246439106	0.912	6.897633333	3.073308333	2.076761913	3.587695851	8.668333334
NSFTV_350	10.8	17.06333333	26.83333333	1.716666667	2.233592222	107.5	24.1	10.88888889	4.8506088	4.998440021	0.863	8.77335	3.362083333	2.478274288	3.901266528	4.666666667
NSFTV_353	9.05	25.125	23.14166667	1.008333333	3.654977902	127.6666667	20.61818182	6.909090909	4.928570341	5.00027882	0.931	6.0652	3.114063636	1.959791281	3.45939396	NA
NSFTV_355	8.7	14.57666667	26.80833333	1.041666667	3.412247218	126.3333333	19.87777778	8	4.88073367	4.95774583	0.926	7.69685	3.525558333	2.449259322	3.820365214	6
NSFTV_356	8.05	23.50333333	31.475	1.283333333	3.923622141	151.5833333	28.89090909	10.63636364	4.994752248	5.124504959	0.878	7.946141667	2.971291667	2.172843652	3.707318407	8.665
NSFTV_357	8.7	23.5	26.45833333	1.225	2.644992065	149.3333333	25.80833333	8.166666667	5.074652846	5.212214667	0.871	7.628583333	3.059733333	2.16670714	3.677251907	NA
NSFTV_358	9.55	20.81666667	37.81111111	1.333333333	2.953172659	127.25	26.57777778	12	5.444579874	5.748862059	0.738	7.651945455	3.368618182	2.331671586	3.760539432	7.498333334
NSFTV_359	8.8	25.24333333	31.26666667	1.644444444	3.499029631	131.0833333	26.6125	9.5	5.198497031	5.275327848	0.926	8.216075	2.5574	1.840987368	3.55439618	7.165
NSFTV_360	7.85	24.68666667	29.93333333	1.116666667	3.392829132	123.8333333	26.35454545	7.909090909	4.728995536	4.86753445	0.871	8.868383333	2.713366667	2.088514838	3.71990199	NA
NSFTV_361	8.45	NA	28.775	1.008333333	2.970414466	118	21.91111111	10	5.126665953	5.262219046	0.873	7.403491667	3.7637	2.511208401	3.828960005	NA
NSFTV_363	8.9	14.39333333	28.22	0.92	3.284663565	98	22.71	10	4.516338972	5.051137237	0.586	6.606577778	3.403166667	2.204029764	3.616177331	5.831666667
NSFTV_364	9.05	12.66333333	29.74166667	1.433333333	2.633087163	93.08333333	20.95833333	9.583333333	4.907740871	5.05305601	0.865	7.653145455	3.568827273	2.417200288	3.791525266	6.335
NSFTV_366	8.8	16.13	28.58333333	0.9	3.336164911	88	19.7	9.166666667	4.59511985	4.733270189	0.871	7.099283333	3.242758333	2.182983843	3.644388846	5.668333334
NSFTV_367	9.9	0.056666667	27.81666667	1.258333333	3.43667177	119.25	22.85454545	7.818181818	4.737792074	4.858401967	0.886	8.496591667	3.277516667	2.423619135	3.841854086	5.168333334
NSFTV_368	8.8	13.75	22.94166667	0.791666667	3.557726184	107	21.55	8.75	4.748548769	4.889722365	0.868	6.427725	3.404208333	2.200563442	3.610360099	6.831666667
NSFTV_369	9	24.85333333	25.49166667	0.925	4.074708588	119.5	19.50909091	6.545454545	4.121743536	4.211304214	0.914	9.050966667	2.673	2.076742068	3.719954097	7.915
NSFTV_370	8.15	26.035	31.375	1.25	3.352823797	130.75	24.19166667	8.25	5.10291057	5.210032452	0.898	7.939166667	2.833308333	1.991369375	3.603613598	8.498333334
NSFTV_371	8.1	23.73333333	40.75833333	1.525	3.352823797	133.9166667	27.05833333	10.16666667	5.171430517	5.272999559	0.903	8.419166667	2.696658333	1.992691494	3.639020657	7.166666667
NSFTV_372	8.3	24.76	31.26666667	1.191666667	3.814042597	139.75	27.61666667	8	4.870095271	4.935672256	0.937	8.159518182	2.585309091	1.855920078	3.552453747	8.001666667
NSFTV_375	7.4	22.26333333	NA	NA	NA	NA	NA	NA	NA	NA	NA	NA	NA	NA	NA	NA
NSFTV_376	9.8	20.44333333	28.14166667	1.083333333	2.633087163	118.75	23.78333333	7.333333333	4.560869927	4.823636148	0.769	10.24314167	3.531991667	2.77618122	4.136928204	4.998333334
NSFTV_377	8.8	21.27666667	31.79166667	1.55	2.944438979	119.6666667	23.71666667	11.33333333	4.864324175	5.026617999	0.85	8.8848	3.153616667	2.384536747	3.867104437	7.998333334
NSFTV_378	8.5	23.42666667	30.13	1.01	3.799973502	122.9	22.51428571	8.285714286	4.760272794	4.877738621	0.889	7.91285	2.93044	2.120181533	3.674507673	NA
NSFTV_379	8.75	23.76	37.54166667	1.408333333	2.972742755	130.6666667	24.58333333	9.833333333	4.905891872	5.129405497	0.8	8.919516667	3.100966667	2.367353275	3.863243216	8.331666667
NSFTV_380	8.25	17.91333333	40.34444444	1.077777778	2.966131804	100	26.4	11.28571429	5.001706663	5.269002979	0.765	6.957	3.41615	2.271135705	3.681798401	6.165
NSFTV_381	8.8	22.3	33.3	1.716666667	2.674148649	132.5833333	31.12222222	9.888888889	5.209030676	5.48341285	0.76	7.690841667	3.390733333	2.332991432	3.752895573	7.666666667
NSFTV_384	9.25	22.52	35.94166667	1.541666667	2.885731378	128.0833333	24.21111111	10.55555556	4.912041953	5.180378069	0.765	8.70385	3.099566667	2.333048017	3.829172596	9
NSFTV_385	7.95	23.81666667	27.33636364	1.018181818	3.808512629	128.8333333	26.39	9.9	4.661722355	4.891715249	0.795	8.4533	2.843408333	2.139272712	3.723001655	8.5
NSFTV_386	7.7	16.38	33.5	1.408333333	2.978925155	113.0833333	24.10833333	10.5	5.289949117	5.512756477	0.8	8.12595	3.028033333	2.212507201	3.738752167	7.665
NSFTV_387	8.35	9.833333333	26.625	1.416666667	2.818398258	88.08333333	20.38181818	11.81818182	5.069475794	5.168415742	0.906	7.983941667	3.28515	2.367200955	3.802997634	5.166666667
NSFTV_389	10.9	16.16	36.88888889	1.544444444	2.577688383	120.5833333	26.95555556	13.77777778	5.020952261	5.624418549	0.547	7.795258333	3.315541667	2.354383426	3.7886209	7.668333334
NSFTV_391	9	20.50666667	27.24166667	1.166666667	2.813410717	101.6666667	26.0375	10.875	4.816609141	5.219372541	0.668	9.838209091	2.522709091	2.091094967	3.780690337	7.998333334
NSFTV_392	9.7	13.65666667	35.98333333	1.608333333	3.120895417	121.8333333	24.91818182	11.09090909	4.77529647	5.235958287	0.631	9.709733333	3.048116667	2.431937244	3.939706264	7.835
NSFTV_394	7.9	14.88	27.525	1.158333333	3.142714464	118.3333333	22.42222222	9.444444444	4.711166863	4.891032422	0.835	9.440883333	3.288691667	2.557645183	3.986224378	7.165
NSFTV_395	8.95	21.31	33.1	1.408333333	2.788092909	117.5	26.68333333	10.83333333	5.035869765	5.178970609	0.867	8.98575	3.295866667	2.498981439	3.930131552	7.75
NSFTV_396	8.425	25.02	22.50833333	1.175	2.935628349	91.66666667	21.85	11.16666667	5.150397236	5.293304825	0.867	9.006554545	2.5468	2.015067855	3.699522614	7.168333334
NSFTV_398	9.575	17.206	29.67777778	1.388888889	3.135494216	106.8333333	24.54444444	11.22222222	5.325716341	5.524567199	0.82	9.236033333	2.70205	2.144992246	3.771884692	7.498333334
NSFTV_399	9.45	21.13	25.3	1.275	2.696876901	94.33333333	24.03333333	12.08333333	5.270432163	5.38907173	0.888	8.841466667	2.556191667	1.984707238	3.671491871	5.335
NSFTV_400	8.05	17.195	30.8	1.4	3.044522438	109.5833333	25.3	11.83333333	5.371800143	5.487559366	0.891	9.343783333	2.744016667	2.184883929	3.797582689	7.498333334
NSFTV_616	9.6	25.525	26.33333333	1.05	3.54577861	111	33.31666667	11	4.96517292	5.411646052	0.64	10.14395	2.270733333	1.899063096	3.701097838	5.67
NSFTV_619	8.2	21.885	23.88333333	1.35	3.171085161	81.83333333	23.31666667	9.666666667	4.773505501	4.881538499	0.898	9.145033333	2.604666667	2.079243605	3.742334909	2.33
NSFTV_621	8.6	24.065	22.88333333	1.216666667	2.602689685	91.5	24.88333333	12.66666667	4.944020545	5.379897354	0.647	9.36144	2.58132	2.095253373	3.760944269	5.33
NSFTV_622	9.1	13.055	28.31666667	1.016666667	3.444682494	84.66666667	22.51666667	11.33333333	4.739118158	5.377590547	0.528	8.56675	3.116283333	2.328973827	3.822550056	6.67
NSFTV_628	9.85	20.29666667	16.2	1.25	3.004031076	75.16666667	17.73333333	6.666666667	4.288173726	4.420846627	0.876	9.632383333	2.818266667	2.285125219	3.86776177	3
NSFTV_635	8.2	22.62	NA	NA	NA	NA	NA	NA	NA	NA	NA	NA	NA	NA	NA	NA
NSFTV_636	8.2	25.07	NA	NA	NA	NA	NA	NA	NA	NA	NA	NA	NA	NA	NA	NA
NSFTV_637	NA	NA	NA	NA	NA	NA	NA	NA	NA	NA	NA	NA	NA	NA	NA	NA
NSFTV_638	8.6	24	NA	NA	NA	NA	NA	NA	NA	NA	NA	NA	NA	NA	NA	NA
NSFTV_639	7.3	19.19	NA	NA	NA	NA	NA	NA	NA	NA	NA	NA	NA	NA	NA	NA
NSFTV_640	7.4	21.43	NA	NA	NA	NA	NA	NA	NA	NA	NA	NA	NA	NA	NA	NA
NSFTV_641	9.3	18.05	NA	NA	NA	NA	NA	NA	NA	NA	NA	NA	NA	NA	NA	NA
NSFTV_642	8.3	23.53	NA	NA	NA	NA	NA	NA	NA	NA	NA	NA	NA	NA	NA	NA
NSFTV_643	10.8	17.53	NA	NA	NA	NA	NA	NA	NA	NA	NA	NA	NA	NA	NA	NA
NSFTV_644	7.3	23.02	NA	NA	NA	NA	NA	NA	NA	NA	NA	NA	NA	NA	NA	NA
NSFTV_645	9.8	13.87	NA	NA	NA	NA	NA	NA	NA	NA	NA	NA	NA	NA	NA	NA
NSFTV_647	9.2	22.62	NA	NA	NA	NA	NA	NA	NA	NA	NA	NA	NA	NA	NA	NA
NSFTV_651	8.2	24.87	NA	NA	NA	NA	NA	NA	NA	NA	NA	NA	NA	NA	NA	NA
NSFTV_652	6.9	22.23	NA	NA	NA	NA	NA	NA	NA	NA	NA	NA	NA	NA	NA	NA
NSFTV_648	8.1	25.27	NA	NA	NA	NA	NA	NA	NA	NA	NA	NA	NA	NA	NA	NA
NSFTV_12	9.7	19.89333333	38.03333333	1.433333333	3.64341708	139.5555556	31.675	11.125	4.925935293	5.180761578	0.775	8.761444444	2.563233333	1.948622341	3.640656296	6.915
NSFTV_19	8.9	23.94	25	1.425	3.731699451	121.1666667	21.725	8.5	4.58156032	4.692112116	0.895	8.075316667	3.071875	2.223560825	3.734182195	NA
NSFTV_30	7.7	24.02	30.1	0.95	3.801091445	121.4444444	22.725	9	4.765018887	4.862393051	0.907	8.477266667	2.576816667	1.96996609	3.643695094	8.668333334
NSFTV_36	7.65	15.145	33.95833333	1.166666667	3.354677366	130.25	22.80909091	13	5.295586368	5.412457411	0.89	7.940881818	3.175354545	2.292588016	3.763358672	5.998333334
NSFTV_52	14.1	NA	NA	NA	NA	87.66666667	NA	NA	NA	NA	NA	6.7088	3.474966667	2.290603601	3.673947695	9
NSFTV_54	8.3	23.715	45.33333333	1.766666667	2.735449175	133	29.11111111	14	5.240423388	5.386786015	0.864	9.477358333	2.989266667	2.392857605	3.911359285	7.833333334
NSFTV_62	8.6	17.975	NA	NA	NA	NA	NA	NA	NA	NA	NA	NA	NA	NA	NA	5.67
NSFTV_64	7.35	0.12	NA	NA	NA	NA	NA	NA	NA	NA	NA	NA	NA	NA	NA	7
NSFTV_91	9.1	20.94666667	NA	NA	NA	NA	NA	NA	NA	NA	NA	NA	NA	NA	NA	7.67
NSFTV_104	8.45	8.59	27.64166667	1.125	3.139110856	110.3333333	23.625	11.41666667	4.892227063	5.028256895	0.873	6.606108333	3.321841667	2.117515765	3.556572312	7.331666667
NSFTV_159	NA	NA	NA	NA	NA	87.33333333	NA	NA	NA	NA	NA	7.7371	2.4118	1.669026704	3.43420331	NA
NSFTV_169	9.7	0	35.27142857	0.957142857	3.228826156	143.8571429	29.34285714	8.714285714	3.853182505	4.69918082	0.429	10.567725	3.48775	2.792266495	4.167776234	6.333333334
NSFTV_170	8.9	21.94333333	28.68333333	1.266666667	2.926739402	91	23.6	10.5	4.917544871	5.180846782	0.769	9.466366667	2.540116667	2.063697418	3.747436843	6.165
NSFTV_172	10.5	22.53	23.83333333	1.188888889	3.52144651	86	22.65	9.875	4.716060837	4.837003148	0.886	7.877366667	3.258775	2.331137726	3.778684547	3.833333334
NSFTV_229	8.8	18.52	28.09166667	0.958333333	3.347952867	89.08333333	17.14545455	7.090909091	4.010633518	4.356708827	0.707	9.321508333	3.707925	2.759797365	4.07301381	5.831666667
NSFTV_245	9.4	19.34666667	29.73333333	1.083333333	3.094823176	115.9166667	25.73333333	11.45454545	4.955122584	5.031744257	0.926	8.173258333	3.579341667	2.528480854	3.884739335	7.666666667
NSFTV_247	9.8	15.46333333	21.90833333	0.716666667	3.617651945	97.25	22.975	8.818181818	4.483943729	4.610986571	0.881	7.9549	3.6031	2.513428642	3.867622045	5.835
NSFTV_263	8.25	15.97333333	27.33333333	1.225	2.931193752	108.1666667	19.94545455	11.72727273	5.084223651	5.185861028	0.903	7.8336	3.766341667	2.60903065	3.911149791	5.166666667
NSFTV_265	9.85	15.515	31.31666667	1.316666667	2.818398258	127.5833333	22.35	9.375	4.946823781	5.076309534	0.879	8.284825	3.989291667	2.764833205	4.017469517	5.666666667
NSFTV_281	7.3	15.83333333	31.675	1.091666667	2.857427602	113.6666667	25.45	10.25	4.846153655	5.05465218	0.812	9.467608333	3.343166667	2.552469889	3.979669816	6.835
NSFTV_284	7.9	24.36666667	26.55833333	1.183333333	3.819542153	104	26.425	9.25	4.952888472	5.11248967	0.852	9.56905	2.580675	2.084887104	3.75593726	5.831666667
NSFTV_292	9.95	17.53333333	30.63636364	1.390909091	3.174575566	107.8181818	21.2	8.875	4.809964599	4.984229093	0.84	8.762516667	3.466158333	2.539478349	3.930791929	4.333333334
NSFTV_294	6.5	16.39	27.26666667	1.166666667	3.326234343	107.25	24.15	10.16666667	5.047716969	5.305375731	0.773	8.383208333	2.685108333	2.005521372	3.648567963	8.168333334
NSFTV_295	9.3	12.90333333	26.06666667	1.25	3.308106959	99.75	19.71666667	8.5	4.48863637	4.633109555	0.865	7.924941667	3.796775	2.609920272	3.912435087	6.666666667
NSFTV_390	9.35	22.42	34.95555556	1.477777778	3.208825489	120.1666667	31.6	12.44444444	4.529008825	5.21312252	0.505	8.814941667	2.829183333	2.144190978	3.738712725	7.998333334
NSFTV_620	8.25	16.865	32.41666667	1.383333333	3.428596356	110.1666667	28.8	11	5.177090909	5.372187215	0.823	9.744366667	2.65335	2.165137471	3.811940021	7.67
NSFTV_623	8.35	25.03	34.33333333	1.5	3.412247218	105.5	27.66666667	11	5.454608611	5.585999439	0.877	9.187516667	2.675216667	2.106371487	3.749415445	NA
NSFTV_624	8.75	22.555	31.36666667	1.1	2.685577345	98.16666667	25.83333333	13.16666667	4.715518243	5.388310405	0.51	9.06872	2.35872	1.870422764	3.630290665	5.33
NSFTV_625	8.25	22.65666667	28.15	1.05	2.782951509	102.1666667	23.3	12.83333333	4.787491743	5.321382639	0.586	9.044283333	2.3568	1.838049155	3.608351559	7
NSFTV_626	8.35	27.44	29.38333333	1.016666667	3.36729583	96.16666667	25.76666667	11.66666667	5.185521872	5.441695949	0.774	7.587733333	3.014233333	2.112721164	3.650801521	6.33
NSFTV_627	8.15	22.68333333	24.1	1.033333333	2.302585093	78.33333333	19.21666667	7.666666667	3.444682494	3.908684104	0.629	9.921	2.810216667	2.310857449	3.893308646	5.67
NSFTV_630	9.85	19.78	30.66666667	1.283333333	2.944438979	88.66666667	24.18333333	9.833333333	4.88909521	4.977882508	0.915	8.78595	2.43575	1.896912463	3.627370118	4
NSFTV_632	9.8	21.11	27.45	1.383333333	2.696876901	94.83333333	27.03333333	13	5.151362954	5.274707501	0.884	9.2707	2.525183333	2.045029084	3.73388867	NA
NSFTV_633	9.35	26.37	26.21666667	1	3.516508228	88.16666667	24.48333333	9.166666667	5.041272264	5.205836514	0.848	8.48015	2.406183333	1.839673588	3.578095462	NA
NSFTV_634	8.65	26.13	34.5	1.5	3.52144651	107.1666667	28.53333333	9.666666667	5.059425458	5.156177599	0.908	9.47815	2.648166667	2.121364929	3.773614214	NA
NSFTV_244	8.5	22.33666667	42.08888889	1.288888889	3.251665648	100.5	30.6	12.85714286	4.968423445	5.479712568	0.6	9.576363636	2.889827273	2.299389082	3.866590589	6.668333334
NSFTV_135	9.2	19.615	35.16666667	1.616666667	2.708050201	99.08333333	23.80909091	11.54545455	4.925275445	5.181272695	0.774	9.054366667	3.229658333	2.454377279	3.913285209	7.498333334
NSFTV_326	7.95	24.62	44.775	1.45	3.73369347	125.4444444	30.13333333	9.583333333	5.150397236	5.202173506	0.95	7.658066667	2.746225	1.931459816	3.561737841	7.331666667
NSFTV_37	7.6	21.09	24.91666667	1.191666667	2.552045953	101.5833333	26.05555556	13.44444444	5.251225759	5.407171771	0.856	9.258	2.571183333	2.052351866	3.732223266	5
NSFTV_629	8.75	17.96	21.8	0.925	3.079613758	98	20.15	9.25	4.995521656	5.079850363	0.919	9.7649	2.5815	2.129760299	3.79855415	7.33
NSFTV_342	8.1	16.38333333	36.23333333	1.408333333	2.931193752	118.0833333	25.12222222	11.11111111	5.196038517	5.525452939	0.719	8.109954545	3.013809091	2.182206305	3.72050144	7.668333334
NSFTV_319	7.4	23.00666667	30.4	1.381818182	3.496507561	127.2727273	25.94	6.9	4.812184355	4.874433673	0.94	7.7991	3.254908333	2.27676545	3.736859171	NA
NSFTV_90	8.15	0.095	27.3	1.15	3.826663156	127.1666667	25.66363636	9.818181818	4.750450471	4.868932075	0.888	7.897816667	3.239491667	2.310393693	3.768750801	8.168333334
NSFTV_327	7.9	NA	24.71666667	0.958333333	3.723683376	117.5	23.36363636	7.75	4.48863637	4.567468319	0.924	8.0125	2.960275	2.139619986	3.687759035	NA
NSFTV_322	7.5	25.93333333	31.71818182	1.354545455	3.447338538	125	24.27	8	4.899195732	4.94875989	0.952	8.448358333	2.774625	2.052040368	3.67534114	NA
NSFTV_112	7.65	22.745	33.67	1.05	3.438011355	151.4285714	27.62222222	10.66666667	4.893760936	5.062019493	0.845	8.7536	2.245333333	1.696891553	3.524225895	8.335
NSFTV_352	7.8	19.90666667	NA	NA	NA	NA	NA	NA	NA	NA	NA	NA	NA	NA	NA	NA
NSFTV_231	9.65	23.82	17.84166667	1.041666667	4.171819874	75.08333333	19.80833333	8.833333333	4.334017415	4.406719247	0.93	7.757816667	3.02635	2.169542152	3.689727636	5.498333334
NSFTV_227	8.25	24.67333333	31.29166667	1.133333333	3.208825489	145.9166667	27.975	8	4.905891872	5.064702515	0.853	8.33975	3.425516667	2.479018515	3.879284915	NA
NSFTV_167	8.9	22.11	30.375	1.341666667	3.028522096	90.33333333	26.81666667	11.25	4.603502129	5.215841145	0.542	9.16464	2.53908	1.991794053	3.692071853	5.833333334
NSFTV_253	8.3	17.77666667	23.86666667	1.333333333	2.995732274	110.8888889	20.21666667	11.83333333	4.815566164	5.061539624	0.782	8.012216667	2.947133333	2.137452948	3.689285413	6.835
NSFTV_246	9.35	24.17	22.79166667	0.891666667	3.54337187	125	20.59090909	6.727272727	4.632077639	4.659141709	0.973	7.791483333	3.058958333	2.202328198	3.710669077	NA
NSFTV_239	8.9	13.54	26.3	1.455555556	2.756840365	106.8888889	24.6875	10.125	4.734442522	4.888090941	0.858	9.001075	3.558016667	2.624792377	3.989846792	4.833333334
NSFTV_397	8.875	22.622	29.125	1.158333333	2.679879324	91.83333333	22.5625	13.625	5.167380009	5.416504361	0.779	9.16204	2.44306	1.95669747	3.678828108	2.666666667
NSFTV_618	9.1	15.885	27.93333333	1.4	3.308106959	86.83333333	20.15	10.16666667	4.8978398	5.11599581	0.804	7.73225	3.230666667	2.294378175	3.752596935	3.33
NSFTV_373	10.05	21.47333333	28.85	0.933333333	3.550574783	166.6666667	33.3	9	4.42384813	4.880273476	0.634	10.393075	2.396258333	2.014317293	3.772967239	8.665
NSFTV_260	9.65	22.80333333	32.13333333	1	3.251665648	168	32.86666667	8.333333333	4.543294782	4.87866113	0.715	9.343808333	2.827325	2.217701451	3.807218076	8.331666667
NSFTV_338	8.15	16.52666667	31.275	1.058333333	2.999890284	111.6666667	23.2	9.636363636	4.862627325	5.00027882	0.871	7.518025	3.688066667	2.505234738	3.835603338	5.501666667
NSFTV_249	9.15	16.69666667	29.3	1.308333333	3.326234343	103.25	23.28333333	8.166666667	4.55562974	4.967495801	0.662	8.297590909	3.849690909	2.707252307	3.98823545	5.666666667
NSFTV_388	8.45	16.01666667	31.35454545	1.054545455	3.207906793	96.18181818	24.08	10.3	4.952299717	5.236441963	0.753	7.258427273	3.240109091	2.24821722	3.692823937	4.668333334
NSFTV_365	8.8	13.08666667	26.775	1.083333333	3.311151101	88.91666667	22.675	10	4.944614193	5.068379956	0.884	7.867766667	3.159616667	2.283350454	3.756407058	5.168333334
NSFTV_307	8.4	15.40666667	27.125	1.191666667	2.674148649	101.5833333	18.28333333	11.33333333	4.779123493	4.92180408	0.867	7.7673	3.790063636	2.579692588	3.881730045	5.331666667
NSFTV_21	7.85	24.76333333	34.69166667	0.966666667	4.108137884	127.25	27.43333333	10.88888889	4.985887124	5.128582925	0.867	7.103891667	3.213966667	2.172528608	3.645425092	8.835
NSFTV_256	8.85	18.43	27.88333333	1.008333333	3.463128339	100.6666667	18.1125	8.875	4.354375103	4.506855497	0.859	8.1721	3.530291667	2.520113576	3.892080468	7.001666667
NSFTV_339	8	23.60333333	41.03333333	1.008333333	3.915350796	147.25	25.03333333	9.666666667	4.620506526	4.865434345	0.783	8.348808333	3.164966667	2.313908243	3.793667493	7.501666667
NSFTV_133	7.2	0.395	35.125	1.1625	2.95099638	119.25	25.7375	12	5.324837576	5.584435717	0.771	7.322225	3.6131875	2.398777838	3.759243843	5.998333334
NSFTV_216	7.35	19.18333333	30.80833333	0.929166667	3.663561646	103.3333333	21.82222222	9.777777778	4.932509939	5.101528018	0.844	7.008625	3.43315	2.303262364	3.702676954	6.498333334

